4 4 6 0 0 0 0 0 
0 1 0 1 0 0 0 0 
13 13 0 0 0 0 0 0 
10 20 10 40 20 0 0 0 

1 3 5 1 3 0 
1 2 1 0 0 0 
3 9 3 2 0 0 
33 33 44 0 0 0 

5 3 1 0 
2 2 0 0 
5 5 3 4 
19 29 29 20 

8 6 2 0 
2 1 0 0 
6 10 3 0 
10 39 39 9 

7 3 4 0 0 0 0 
2 1 0 0 0 0 0 
12 6 9 4 0 0 0 
46 36 9 0 0 0 0 

1 1 5 5 0 0 
0 2 1 1 0 0 
14 11 2 0 0 0 
47 19 27 0 0 0 

3 1 2 5 
0 1 0 1 
10 3 5 8 
8 42 33 0 

6 5 1 0 0 0 0 
0 1 1 0 0 0 0 
8 4 6 2 0 0 0 
8 8 8 24 24 8 0 

6 2 2 5 0 
0 0 1 1 0 
9 3 5 0 0 
11 54 22 11 10 

2 4 2 0 0 
0 1 1 0 0 
5 5 2 2 10 
19 37 9 28 0 

