ECS_id = 1,    Type = S,    SignalCoverageRadius(m) = 30,    DeploymentLocation(coord) = (1,30),    ResourceCapacity = [40,10,80,300],    SignalCoverageArea(coord) = 
(1,30), (2,30), (3,30), (4,30), (5,30), (6,30), (7,30), (8,30), (9,30), (10,30), (11,30), (12,30), (13,30), (14,30), (15,30), (16,30), (17,30), (18,30), (19,30), (20,30), (21,30), (22,30), (23,30), (24,30), (25,30), (26,30), (27,30), (28,30), (29,30), (30,23), (30,24), (30,25), (30,26), (30,27), (30,28), (30,29), (30,30), (30,31), (30,32), (30,33), (30,34), (30,35), (30,36), (30,37), 
ResourceCapacityMatrix = 
40 40 40 40 40 40 40 40 40 40 40 40 40 40 40 40 40 40 40 40 40 40 40 40 40 40 40 40 40 40 40 40 40 40 40 40 40 40 40 40 40 40 40 40 40 40 40 40 40 40 40 40 40 40 40 40 40 40 40 40 40 40 40 40 40 40 40 40 40 40 40 40 40 40 40 40 40 40 40 40 40 40 40 40 40 40 40 40 40 40 40 40 40 40 40 40 40 40 40 40 
10 10 10 10 10 10 10 10 10 10 10 10 10 10 10 10 10 10 10 10 10 10 10 10 10 10 10 10 10 10 10 10 10 10 10 10 10 10 10 10 10 10 10 10 10 10 10 10 10 10 10 10 10 10 10 10 10 10 10 10 10 10 10 10 10 10 10 10 10 10 10 10 10 10 10 10 10 10 10 10 10 10 10 10 10 10 10 10 10 10 10 10 10 10 10 10 10 10 10 10 
80 80 80 80 80 80 80 80 80 80 80 80 80 80 80 80 80 80 80 80 80 80 80 80 80 80 80 80 80 80 80 80 80 80 80 80 80 80 80 80 80 80 80 80 80 80 80 80 80 80 80 80 80 80 80 80 80 80 80 80 80 80 80 80 80 80 80 80 80 80 80 80 80 80 80 80 80 80 80 80 80 80 80 80 80 80 80 80 80 80 80 80 80 80 80 80 80 80 80 80 
300 300 300 300 300 300 300 300 300 300 300 300 300 300 300 300 300 300 300 300 300 300 300 300 300 300 300 300 300 300 300 300 300 300 300 300 300 300 300 300 300 300 300 300 300 300 300 300 300 300 300 300 300 300 300 300 300 300 300 300 300 300 300 300 300 300 300 300 300 300 300 300 300 300 300 300 300 300 300 300 300 300 300 300 300 300 300 300 300 300 300 300 300 300 300 300 300 300 300 300 

ECS_id = 2,    Type = S,    SignalCoverageRadius(m) = 30,    DeploymentLocation(coord) = (1,90),    ResourceCapacity = [40,10,80,300],    SignalCoverageArea(coord) = 
(1,90), (2,90), (3,90), (4,90), (5,90), (6,90), (7,90), (8,90), (9,90), (10,90), (11,90), (12,90), (13,90), (14,90), (15,90), (16,90), (17,90), (18,90), (19,90), (20,90), (21,90), (22,90), (23,90), (24,90), (25,90), (26,90), (27,90), (28,90), (29,90), (30,83), (30,84), (30,85), (30,86), (30,87), (30,88), (30,89), (30,90), (30,91), (30,92), (30,93), (30,94), (30,95), (30,96), (30,97), 
ResourceCapacityMatrix = 
40 40 40 40 40 40 40 40 40 40 40 40 40 40 40 40 40 40 40 40 40 40 40 40 40 40 40 40 40 40 40 40 40 40 40 40 40 40 40 40 40 40 40 40 40 40 40 40 40 40 40 40 40 40 40 40 40 40 40 40 40 40 40 40 40 40 40 40 40 40 40 40 40 40 40 40 40 40 40 40 40 40 40 40 40 40 40 40 40 40 40 40 40 40 40 40 40 40 40 40 
10 10 10 10 10 10 10 10 10 10 10 10 10 10 10 10 10 10 10 10 10 10 10 10 10 10 10 10 10 10 10 10 10 10 10 10 10 10 10 10 10 10 10 10 10 10 10 10 10 10 10 10 10 10 10 10 10 10 10 10 10 10 10 10 10 10 10 10 10 10 10 10 10 10 10 10 10 10 10 10 10 10 10 10 10 10 10 10 10 10 10 10 10 10 10 10 10 10 10 10 
80 80 80 80 80 80 80 80 80 80 80 80 80 80 80 80 80 80 80 80 80 80 80 80 80 80 80 80 80 80 80 80 80 80 80 80 80 80 80 80 80 80 80 80 80 80 80 80 80 80 80 80 80 80 80 80 80 80 80 80 80 80 80 80 80 80 80 80 80 80 80 80 80 80 80 80 80 80 80 80 80 80 80 80 80 80 80 80 80 80 80 80 80 80 80 80 80 80 80 80 
300 300 300 300 300 300 300 300 300 300 300 300 300 300 300 300 300 300 300 300 300 300 300 300 300 300 300 300 300 300 300 300 300 300 300 300 300 300 300 300 300 300 300 300 300 300 300 300 300 300 300 300 300 300 300 300 300 300 300 300 300 300 300 300 300 300 300 300 300 300 300 300 300 300 300 300 300 300 300 300 300 300 300 300 300 300 300 300 300 300 300 300 300 300 300 300 300 300 300 300 

ECS_id = 3,    Type = S,    SignalCoverageRadius(m) = 30,    DeploymentLocation(coord) = (30,1),    ResourceCapacity = [40,10,80,300],    SignalCoverageArea(coord) = 
(23,30), (24,30), (25,30), (26,30), (27,30), (28,30), (29,30), (30,1), (30,2), (30,3), (30,4), (30,5), (30,6), (30,7), (30,8), (30,9), (30,10), (30,11), (30,12), (30,13), (30,14), (30,15), (30,16), (30,17), (30,18), (30,19), (30,20), (30,21), (30,22), (30,23), (30,24), (30,25), (30,26), (30,27), (30,28), (30,29), (30,30), (31,30), (32,30), (33,30), (34,30), (35,30), (36,30), (37,30), 
ResourceCapacityMatrix = 
40 40 40 40 40 40 40 40 40 40 40 40 40 40 40 40 40 40 40 40 40 40 40 40 40 40 40 40 40 40 40 40 40 40 40 40 40 40 40 40 40 40 40 40 40 40 40 40 40 40 40 40 40 40 40 40 40 40 40 40 40 40 40 40 40 40 40 40 40 40 40 40 40 40 40 40 40 40 40 40 40 40 40 40 40 40 40 40 40 40 40 40 40 40 40 40 40 40 40 40 
10 10 10 10 10 10 10 10 10 10 10 10 10 10 10 10 10 10 10 10 10 10 10 10 10 10 10 10 10 10 10 10 10 10 10 10 10 10 10 10 10 10 10 10 10 10 10 10 10 10 10 10 10 10 10 10 10 10 10 10 10 10 10 10 10 10 10 10 10 10 10 10 10 10 10 10 10 10 10 10 10 10 10 10 10 10 10 10 10 10 10 10 10 10 10 10 10 10 10 10 
80 80 80 80 80 80 80 80 80 80 80 80 80 80 80 80 80 80 80 80 80 80 80 80 80 80 80 80 80 80 80 80 80 80 80 80 80 80 80 80 80 80 80 80 80 80 80 80 80 80 80 80 80 80 80 80 80 80 80 80 80 80 80 80 80 80 80 80 80 80 80 80 80 80 80 80 80 80 80 80 80 80 80 80 80 80 80 80 80 80 80 80 80 80 80 80 80 80 80 80 
300 300 300 300 300 300 300 300 300 300 300 300 300 300 300 300 300 300 300 300 300 300 300 300 300 300 300 300 300 300 300 300 300 300 300 300 300 300 300 300 300 300 300 300 300 300 300 300 300 300 300 300 300 300 300 300 300 300 300 300 300 300 300 300 300 300 300 300 300 300 300 300 300 300 300 300 300 300 300 300 300 300 300 300 300 300 300 300 300 300 300 300 300 300 300 300 300 300 300 300 

ECS_id = 4,    Type = S,    SignalCoverageRadius(m) = 30,    DeploymentLocation(coord) = (30,30),    ResourceCapacity = [40,10,80,300],    SignalCoverageArea(coord) = 
(1,30), (2,30), (3,30), (4,30), (5,30), (6,30), (7,30), (8,30), (9,30), (10,30), (11,30), (12,30), (13,30), (14,30), (15,30), (16,30), (17,30), (18,30), (19,30), (20,30), (21,30), (22,30), (23,30), (24,30), (25,30), (26,30), (27,30), (28,30), (29,30), (30,1), (30,2), (30,3), (30,4), (30,5), (30,6), (30,7), (30,8), (30,9), (30,10), (30,11), (30,12), (30,13), (30,14), (30,15), (30,16), (30,17), (30,18), (30,19), (30,20), (30,21), (30,22), (30,23), (30,24), (30,25), (30,26), (30,27), (30,28), (30,29), (30,30), (30,31), (30,32), (30,33), (30,34), (30,35), (30,36), (30,37), (30,38), (30,39), (30,40), (30,41), (30,42), (30,43), (30,44), (30,45), (30,46), (30,47), (30,48), (30,49), (30,50), (30,51), (30,52), (30,53), (30,54), (30,55), (30,56), (30,57), (30,58), (30,59), (31,30), (32,30), (33,30), (34,30), (35,30), (36,30), (37,30), (38,30), (39,30), (40,30), (41,30), (42,30), (43,30), (44,30), (45,30), (46,30), (47,30), (48,30), (49,30), (50,30), (51,30), (52,30), (53,30), (54,30), (55,30), (56,30), (57,30), (58,30), (59,30), 
ResourceCapacityMatrix = 
40 40 40 40 40 40 40 40 40 40 40 40 40 40 40 40 40 40 40 40 40 40 40 40 40 40 40 40 40 40 40 40 40 40 40 40 40 40 40 40 40 40 40 40 40 40 40 40 40 40 40 40 40 40 40 40 40 40 40 40 40 40 40 40 40 40 40 40 40 40 40 40 40 40 40 40 40 40 40 40 40 40 40 40 40 40 40 40 40 40 40 40 40 40 40 40 40 40 40 40 
10 10 10 10 10 10 10 10 10 10 10 10 10 10 10 10 10 10 10 10 10 10 10 10 10 10 10 10 10 10 10 10 10 10 10 10 10 10 10 10 10 10 10 10 10 10 10 10 10 10 10 10 10 10 10 10 10 10 10 10 10 10 10 10 10 10 10 10 10 10 10 10 10 10 10 10 10 10 10 10 10 10 10 10 10 10 10 10 10 10 10 10 10 10 10 10 10 10 10 10 
80 80 80 80 80 80 80 80 80 80 80 80 80 80 80 80 80 80 80 80 80 80 80 80 80 80 80 80 80 80 80 80 80 80 80 80 80 80 80 80 80 80 80 80 80 80 80 80 80 80 80 80 80 80 80 80 80 80 80 80 80 80 80 80 80 80 80 80 80 80 80 80 80 80 80 80 80 80 80 80 80 80 80 80 80 80 80 80 80 80 80 80 80 80 80 80 80 80 80 80 
300 300 300 300 300 300 300 300 300 300 300 300 300 300 300 300 300 300 300 300 300 300 300 300 300 300 300 300 300 300 300 300 300 300 300 300 300 300 300 300 300 300 300 300 300 300 300 300 300 300 300 300 300 300 300 300 300 300 300 300 300 300 300 300 300 300 300 300 300 300 300 300 300 300 300 300 300 300 300 300 300 300 300 300 300 300 300 300 300 300 300 300 300 300 300 300 300 300 300 300 

ECS_id = 5,    Type = S,    SignalCoverageRadius(m) = 30,    DeploymentLocation(coord) = (30,60),    ResourceCapacity = [40,10,80,300],    SignalCoverageArea(coord) = 
(30,31), (30,32), (30,33), (30,34), (30,35), (30,36), (30,37), (30,38), (30,39), (30,40), (30,41), (30,42), (30,43), (30,44), (30,45), (30,46), (30,47), (30,48), (30,49), (30,50), (30,51), (30,52), (30,53), (30,54), (30,55), (30,56), (30,57), (30,58), (30,59), (30,60), (30,61), (30,62), (30,63), (30,64), (30,65), (30,66), (30,67), (30,68), (30,69), (30,70), (30,71), (30,72), (30,73), (30,74), (30,75), (30,76), (30,77), (30,78), (30,79), (30,80), (30,81), (30,82), (30,83), (30,84), (30,85), (30,86), (30,87), (30,88), (30,89), 
ResourceCapacityMatrix = 
40 40 40 40 40 40 40 40 40 40 40 40 40 40 40 40 40 40 40 40 40 40 40 40 40 40 40 40 40 40 40 40 40 40 40 40 40 40 40 40 40 40 40 40 40 40 40 40 40 40 40 40 40 40 40 40 40 40 40 40 40 40 40 40 40 40 40 40 40 40 40 40 40 40 40 40 40 40 40 40 40 40 40 40 40 40 40 40 40 40 40 40 40 40 40 40 40 40 40 40 
10 10 10 10 10 10 10 10 10 10 10 10 10 10 10 10 10 10 10 10 10 10 10 10 10 10 10 10 10 10 10 10 10 10 10 10 10 10 10 10 10 10 10 10 10 10 10 10 10 10 10 10 10 10 10 10 10 10 10 10 10 10 10 10 10 10 10 10 10 10 10 10 10 10 10 10 10 10 10 10 10 10 10 10 10 10 10 10 10 10 10 10 10 10 10 10 10 10 10 10 
80 80 80 80 80 80 80 80 80 80 80 80 80 80 80 80 80 80 80 80 80 80 80 80 80 80 80 80 80 80 80 80 80 80 80 80 80 80 80 80 80 80 80 80 80 80 80 80 80 80 80 80 80 80 80 80 80 80 80 80 80 80 80 80 80 80 80 80 80 80 80 80 80 80 80 80 80 80 80 80 80 80 80 80 80 80 80 80 80 80 80 80 80 80 80 80 80 80 80 80 
300 300 300 300 300 300 300 300 300 300 300 300 300 300 300 300 300 300 300 300 300 300 300 300 300 300 300 300 300 300 300 300 300 300 300 300 300 300 300 300 300 300 300 300 300 300 300 300 300 300 300 300 300 300 300 300 300 300 300 300 300 300 300 300 300 300 300 300 300 300 300 300 300 300 300 300 300 300 300 300 300 300 300 300 300 300 300 300 300 300 300 300 300 300 300 300 300 300 300 300 

ECS_id = 6,    Type = S,    SignalCoverageRadius(m) = 30,    DeploymentLocation(coord) = (30,90),    ResourceCapacity = [40,10,80,300],    SignalCoverageArea(coord) = 
(1,90), (2,90), (3,90), (4,90), (5,90), (6,90), (7,90), (8,90), (9,90), (10,90), (11,90), (12,90), (13,90), (14,90), (15,90), (16,90), (17,90), (18,90), (19,90), (20,90), (21,90), (22,90), (23,90), (24,90), (25,90), (26,90), (27,90), (28,90), (29,90), (30,61), (30,62), (30,63), (30,64), (30,65), (30,66), (30,67), (30,68), (30,69), (30,70), (30,71), (30,72), (30,73), (30,74), (30,75), (30,76), (30,77), (30,78), (30,79), (30,80), (30,81), (30,82), (30,83), (30,84), (30,85), (30,86), (30,87), (30,88), (30,89), (30,90), (30,91), (30,92), (30,93), (30,94), (30,95), (30,96), (30,97), (30,98), (30,99), (30,100), (30,101), (30,102), (30,103), (30,104), (30,105), (30,106), (30,107), (30,108), (30,109), (30,110), (30,111), (30,112), (30,113), (30,114), (30,115), (30,116), (30,117), (30,118), (30,119), (31,90), (32,90), (33,90), (34,90), (35,90), (36,90), (37,90), (38,90), (39,90), (40,90), (41,90), (42,90), (43,90), (44,90), (45,90), (46,90), (47,90), (48,90), (49,90), (50,90), (51,90), (52,90), (53,90), (54,90), (55,90), (56,90), (57,90), (58,90), (59,90), 
ResourceCapacityMatrix = 
40 40 40 40 40 40 40 40 40 40 40 40 40 40 40 40 40 40 40 40 40 40 40 40 40 40 40 40 40 40 40 40 40 40 40 40 40 40 40 40 40 40 40 40 40 40 40 40 40 40 40 40 40 40 40 40 40 40 40 40 40 40 40 40 40 40 40 40 40 40 40 40 40 40 40 40 40 40 40 40 40 40 40 40 40 40 40 40 40 40 40 40 40 40 40 40 40 40 40 40 
10 10 10 10 10 10 10 10 10 10 10 10 10 10 10 10 10 10 10 10 10 10 10 10 10 10 10 10 10 10 10 10 10 10 10 10 10 10 10 10 10 10 10 10 10 10 10 10 10 10 10 10 10 10 10 10 10 10 10 10 10 10 10 10 10 10 10 10 10 10 10 10 10 10 10 10 10 10 10 10 10 10 10 10 10 10 10 10 10 10 10 10 10 10 10 10 10 10 10 10 
80 80 80 80 80 80 80 80 80 80 80 80 80 80 80 80 80 80 80 80 80 80 80 80 80 80 80 80 80 80 80 80 80 80 80 80 80 80 80 80 80 80 80 80 80 80 80 80 80 80 80 80 80 80 80 80 80 80 80 80 80 80 80 80 80 80 80 80 80 80 80 80 80 80 80 80 80 80 80 80 80 80 80 80 80 80 80 80 80 80 80 80 80 80 80 80 80 80 80 80 
300 300 300 300 300 300 300 300 300 300 300 300 300 300 300 300 300 300 300 300 300 300 300 300 300 300 300 300 300 300 300 300 300 300 300 300 300 300 300 300 300 300 300 300 300 300 300 300 300 300 300 300 300 300 300 300 300 300 300 300 300 300 300 300 300 300 300 300 300 300 300 300 300 300 300 300 300 300 300 300 300 300 300 300 300 300 300 300 300 300 300 300 300 300 300 300 300 300 300 300 

ECS_id = 7,    Type = S,    SignalCoverageRadius(m) = 30,    DeploymentLocation(coord) = (30,120),    ResourceCapacity = [40,10,80,300],    SignalCoverageArea(coord) = 
(30,91), (30,92), (30,93), (30,94), (30,95), (30,96), (30,97), (30,98), (30,99), (30,100), (30,101), (30,102), (30,103), (30,104), (30,105), (30,106), (30,107), (30,108), (30,109), (30,110), (30,111), (30,112), (30,113), (30,114), (30,115), (30,116), (30,117), (30,118), (30,119), (30,120), 
ResourceCapacityMatrix = 
40 40 40 40 40 40 40 40 40 40 40 40 40 40 40 40 40 40 40 40 40 40 40 40 40 40 40 40 40 40 40 40 40 40 40 40 40 40 40 40 40 40 40 40 40 40 40 40 40 40 40 40 40 40 40 40 40 40 40 40 40 40 40 40 40 40 40 40 40 40 40 40 40 40 40 40 40 40 40 40 40 40 40 40 40 40 40 40 40 40 40 40 40 40 40 40 40 40 40 40 
10 10 10 10 10 10 10 10 10 10 10 10 10 10 10 10 10 10 10 10 10 10 10 10 10 10 10 10 10 10 10 10 10 10 10 10 10 10 10 10 10 10 10 10 10 10 10 10 10 10 10 10 10 10 10 10 10 10 10 10 10 10 10 10 10 10 10 10 10 10 10 10 10 10 10 10 10 10 10 10 10 10 10 10 10 10 10 10 10 10 10 10 10 10 10 10 10 10 10 10 
80 80 80 80 80 80 80 80 80 80 80 80 80 80 80 80 80 80 80 80 80 80 80 80 80 80 80 80 80 80 80 80 80 80 80 80 80 80 80 80 80 80 80 80 80 80 80 80 80 80 80 80 80 80 80 80 80 80 80 80 80 80 80 80 80 80 80 80 80 80 80 80 80 80 80 80 80 80 80 80 80 80 80 80 80 80 80 80 80 80 80 80 80 80 80 80 80 80 80 80 
300 300 300 300 300 300 300 300 300 300 300 300 300 300 300 300 300 300 300 300 300 300 300 300 300 300 300 300 300 300 300 300 300 300 300 300 300 300 300 300 300 300 300 300 300 300 300 300 300 300 300 300 300 300 300 300 300 300 300 300 300 300 300 300 300 300 300 300 300 300 300 300 300 300 300 300 300 300 300 300 300 300 300 300 300 300 300 300 300 300 300 300 300 300 300 300 300 300 300 300 

ECS_id = 8,    Type = S,    SignalCoverageRadius(m) = 30,    DeploymentLocation(coord) = (60,30),    ResourceCapacity = [40,10,80,300],    SignalCoverageArea(coord) = 
(31,30), (32,30), (33,30), (34,30), (35,30), (36,30), (37,30), (38,30), (39,30), (40,30), (41,30), (42,30), (43,30), (44,30), (45,30), (46,30), (47,30), (48,30), (49,30), (50,30), (51,30), (52,30), (53,30), (54,30), (55,30), (56,30), (57,30), (58,30), (59,30), (60,30), (61,30), (62,30), (63,30), (64,30), (65,30), (66,30), (67,30), (68,30), (69,30), (70,30), (71,30), (72,30), (73,30), (74,30), (75,30), (76,30), (77,30), (78,30), (79,30), (80,30), (81,30), (82,30), (83,30), (84,30), (85,30), (86,30), (87,30), (88,30), (89,30), 
ResourceCapacityMatrix = 
40 40 40 40 40 40 40 40 40 40 40 40 40 40 40 40 40 40 40 40 40 40 40 40 40 40 40 40 40 40 40 40 40 40 40 40 40 40 40 40 40 40 40 40 40 40 40 40 40 40 40 40 40 40 40 40 40 40 40 40 40 40 40 40 40 40 40 40 40 40 40 40 40 40 40 40 40 40 40 40 40 40 40 40 40 40 40 40 40 40 40 40 40 40 40 40 40 40 40 40 
10 10 10 10 10 10 10 10 10 10 10 10 10 10 10 10 10 10 10 10 10 10 10 10 10 10 10 10 10 10 10 10 10 10 10 10 10 10 10 10 10 10 10 10 10 10 10 10 10 10 10 10 10 10 10 10 10 10 10 10 10 10 10 10 10 10 10 10 10 10 10 10 10 10 10 10 10 10 10 10 10 10 10 10 10 10 10 10 10 10 10 10 10 10 10 10 10 10 10 10 
80 80 80 80 80 80 80 80 80 80 80 80 80 80 80 80 80 80 80 80 80 80 80 80 80 80 80 80 80 80 80 80 80 80 80 80 80 80 80 80 80 80 80 80 80 80 80 80 80 80 80 80 80 80 80 80 80 80 80 80 80 80 80 80 80 80 80 80 80 80 80 80 80 80 80 80 80 80 80 80 80 80 80 80 80 80 80 80 80 80 80 80 80 80 80 80 80 80 80 80 
300 300 300 300 300 300 300 300 300 300 300 300 300 300 300 300 300 300 300 300 300 300 300 300 300 300 300 300 300 300 300 300 300 300 300 300 300 300 300 300 300 300 300 300 300 300 300 300 300 300 300 300 300 300 300 300 300 300 300 300 300 300 300 300 300 300 300 300 300 300 300 300 300 300 300 300 300 300 300 300 300 300 300 300 300 300 300 300 300 300 300 300 300 300 300 300 300 300 300 300 

ECS_id = 9,    Type = S,    SignalCoverageRadius(m) = 30,    DeploymentLocation(coord) = (60,90),    ResourceCapacity = [40,10,80,300],    SignalCoverageArea(coord) = 
(31,90), (32,90), (33,90), (34,90), (35,90), (36,90), (37,90), (38,90), (39,90), (40,90), (41,90), (42,90), (43,90), (44,90), (45,90), (46,90), (47,90), (48,90), (49,90), (50,90), (51,90), (52,90), (53,90), (54,90), (55,90), (56,90), (57,90), (58,90), (59,90), (60,90), (61,90), (62,90), (63,90), (64,90), (65,90), (66,90), (67,90), (68,90), (69,90), (70,90), (71,90), (72,90), (73,90), (74,90), (75,90), (76,90), (77,90), (78,90), (79,90), (80,90), (81,90), (82,90), (83,90), (84,90), (85,90), (86,90), (87,90), (88,90), (89,90), 
ResourceCapacityMatrix = 
40 40 40 40 40 40 40 40 40 40 40 40 40 40 40 40 40 40 40 40 40 40 40 40 40 40 40 40 40 40 40 40 40 40 40 40 40 40 40 40 40 40 40 40 40 40 40 40 40 40 40 40 40 40 40 40 40 40 40 40 40 40 40 40 40 40 40 40 40 40 40 40 40 40 40 40 40 40 40 40 40 40 40 40 40 40 40 40 40 40 40 40 40 40 40 40 40 40 40 40 
10 10 10 10 10 10 10 10 10 10 10 10 10 10 10 10 10 10 10 10 10 10 10 10 10 10 10 10 10 10 10 10 10 10 10 10 10 10 10 10 10 10 10 10 10 10 10 10 10 10 10 10 10 10 10 10 10 10 10 10 10 10 10 10 10 10 10 10 10 10 10 10 10 10 10 10 10 10 10 10 10 10 10 10 10 10 10 10 10 10 10 10 10 10 10 10 10 10 10 10 
80 80 80 80 80 80 80 80 80 80 80 80 80 80 80 80 80 80 80 80 80 80 80 80 80 80 80 80 80 80 80 80 80 80 80 80 80 80 80 80 80 80 80 80 80 80 80 80 80 80 80 80 80 80 80 80 80 80 80 80 80 80 80 80 80 80 80 80 80 80 80 80 80 80 80 80 80 80 80 80 80 80 80 80 80 80 80 80 80 80 80 80 80 80 80 80 80 80 80 80 
300 300 300 300 300 300 300 300 300 300 300 300 300 300 300 300 300 300 300 300 300 300 300 300 300 300 300 300 300 300 300 300 300 300 300 300 300 300 300 300 300 300 300 300 300 300 300 300 300 300 300 300 300 300 300 300 300 300 300 300 300 300 300 300 300 300 300 300 300 300 300 300 300 300 300 300 300 300 300 300 300 300 300 300 300 300 300 300 300 300 300 300 300 300 300 300 300 300 300 300 

ECS_id = 10,    Type = S,    SignalCoverageRadius(m) = 30,    DeploymentLocation(coord) = (90,1),    ResourceCapacity = [40,10,80,300],    SignalCoverageArea(coord) = 
(83,30), (84,30), (85,30), (86,30), (87,30), (88,30), (89,30), (90,1), (90,2), (90,3), (90,4), (90,5), (90,6), (90,7), (90,8), (90,9), (90,10), (90,11), (90,12), (90,13), (90,14), (90,15), (90,16), (90,17), (90,18), (90,19), (90,20), (90,21), (90,22), (90,23), (90,24), (90,25), (90,26), (90,27), (90,28), (90,29), (90,30), (91,30), (92,30), (93,30), (94,30), (95,30), (96,30), (97,30), 
ResourceCapacityMatrix = 
40 40 40 40 40 40 40 40 40 40 40 40 40 40 40 40 40 40 40 40 40 40 40 40 40 40 40 40 40 40 40 40 40 40 40 40 40 40 40 40 40 40 40 40 40 40 40 40 40 40 40 40 40 40 40 40 40 40 40 40 40 40 40 40 40 40 40 40 40 40 40 40 40 40 40 40 40 40 40 40 40 40 40 40 40 40 40 40 40 40 40 40 40 40 40 40 40 40 40 40 
10 10 10 10 10 10 10 10 10 10 10 10 10 10 10 10 10 10 10 10 10 10 10 10 10 10 10 10 10 10 10 10 10 10 10 10 10 10 10 10 10 10 10 10 10 10 10 10 10 10 10 10 10 10 10 10 10 10 10 10 10 10 10 10 10 10 10 10 10 10 10 10 10 10 10 10 10 10 10 10 10 10 10 10 10 10 10 10 10 10 10 10 10 10 10 10 10 10 10 10 
80 80 80 80 80 80 80 80 80 80 80 80 80 80 80 80 80 80 80 80 80 80 80 80 80 80 80 80 80 80 80 80 80 80 80 80 80 80 80 80 80 80 80 80 80 80 80 80 80 80 80 80 80 80 80 80 80 80 80 80 80 80 80 80 80 80 80 80 80 80 80 80 80 80 80 80 80 80 80 80 80 80 80 80 80 80 80 80 80 80 80 80 80 80 80 80 80 80 80 80 
300 300 300 300 300 300 300 300 300 300 300 300 300 300 300 300 300 300 300 300 300 300 300 300 300 300 300 300 300 300 300 300 300 300 300 300 300 300 300 300 300 300 300 300 300 300 300 300 300 300 300 300 300 300 300 300 300 300 300 300 300 300 300 300 300 300 300 300 300 300 300 300 300 300 300 300 300 300 300 300 300 300 300 300 300 300 300 300 300 300 300 300 300 300 300 300 300 300 300 300 

ECS_id = 11,    Type = S,    SignalCoverageRadius(m) = 30,    DeploymentLocation(coord) = (90,30),    ResourceCapacity = [40,10,80,300],    SignalCoverageArea(coord) = 
(61,30), (62,30), (63,30), (64,30), (65,30), (66,30), (67,30), (68,30), (69,30), (70,30), (71,30), (72,30), (73,30), (74,30), (75,30), (76,30), (77,30), (78,30), (79,30), (80,30), (81,30), (82,30), (83,30), (84,30), (85,30), (86,30), (87,30), (88,30), (89,30), (90,1), (90,2), (90,3), (90,4), (90,5), (90,6), (90,7), (90,8), (90,9), (90,10), (90,11), (90,12), (90,13), (90,14), (90,15), (90,16), (90,17), (90,18), (90,19), (90,20), (90,21), (90,22), (90,23), (90,24), (90,25), (90,26), (90,27), (90,28), (90,29), (90,30), (90,31), (90,32), (90,33), (90,34), (90,35), (90,36), (90,37), (90,38), (90,39), (90,40), (90,41), (90,42), (90,43), (90,44), (90,45), (90,46), (90,47), (90,48), (90,49), (90,50), (90,51), (90,52), (90,53), (90,54), (90,55), (90,56), (90,57), (90,58), (90,59), (91,30), (92,30), (93,30), (94,30), (95,30), (96,30), (97,30), (98,30), (99,30), (100,30), (101,30), (102,30), (103,30), (104,30), (105,30), (106,30), (107,30), (108,30), (109,30), (110,30), (111,30), (112,30), (113,30), (114,30), (115,30), (116,30), (117,30), (118,30), (119,30), 
ResourceCapacityMatrix = 
40 40 40 40 40 40 40 40 40 40 40 40 40 40 40 40 40 40 40 40 40 40 40 40 40 40 40 40 40 40 40 40 40 40 40 40 40 40 40 40 40 40 40 40 40 40 40 40 40 40 40 40 40 40 40 40 40 40 40 40 40 40 40 40 40 40 40 40 40 40 40 40 40 40 40 40 40 40 40 40 40 40 40 40 40 40 40 40 40 40 40 40 40 40 40 40 40 40 40 40 
10 10 10 10 10 10 10 10 10 10 10 10 10 10 10 10 10 10 10 10 10 10 10 10 10 10 10 10 10 10 10 10 10 10 10 10 10 10 10 10 10 10 10 10 10 10 10 10 10 10 10 10 10 10 10 10 10 10 10 10 10 10 10 10 10 10 10 10 10 10 10 10 10 10 10 10 10 10 10 10 10 10 10 10 10 10 10 10 10 10 10 10 10 10 10 10 10 10 10 10 
80 80 80 80 80 80 80 80 80 80 80 80 80 80 80 80 80 80 80 80 80 80 80 80 80 80 80 80 80 80 80 80 80 80 80 80 80 80 80 80 80 80 80 80 80 80 80 80 80 80 80 80 80 80 80 80 80 80 80 80 80 80 80 80 80 80 80 80 80 80 80 80 80 80 80 80 80 80 80 80 80 80 80 80 80 80 80 80 80 80 80 80 80 80 80 80 80 80 80 80 
300 300 300 300 300 300 300 300 300 300 300 300 300 300 300 300 300 300 300 300 300 300 300 300 300 300 300 300 300 300 300 300 300 300 300 300 300 300 300 300 300 300 300 300 300 300 300 300 300 300 300 300 300 300 300 300 300 300 300 300 300 300 300 300 300 300 300 300 300 300 300 300 300 300 300 300 300 300 300 300 300 300 300 300 300 300 300 300 300 300 300 300 300 300 300 300 300 300 300 300 

ECS_id = 12,    Type = S,    SignalCoverageRadius(m) = 30,    DeploymentLocation(coord) = (90,60),    ResourceCapacity = [40,10,80,300],    SignalCoverageArea(coord) = 
(90,31), (90,32), (90,33), (90,34), (90,35), (90,36), (90,37), (90,38), (90,39), (90,40), (90,41), (90,42), (90,43), (90,44), (90,45), (90,46), (90,47), (90,48), (90,49), (90,50), (90,51), (90,52), (90,53), (90,54), (90,55), (90,56), (90,57), (90,58), (90,59), (90,60), (90,61), (90,62), (90,63), (90,64), (90,65), (90,66), (90,67), (90,68), (90,69), (90,70), (90,71), (90,72), (90,73), (90,74), (90,75), (90,76), (90,77), (90,78), (90,79), (90,80), (90,81), (90,82), (90,83), (90,84), (90,85), (90,86), (90,87), (90,88), (90,89), 
ResourceCapacityMatrix = 
40 40 40 40 40 40 40 40 40 40 40 40 40 40 40 40 40 40 40 40 40 40 40 40 40 40 40 40 40 40 40 40 40 40 40 40 40 40 40 40 40 40 40 40 40 40 40 40 40 40 40 40 40 40 40 40 40 40 40 40 40 40 40 40 40 40 40 40 40 40 40 40 40 40 40 40 40 40 40 40 40 40 40 40 40 40 40 40 40 40 40 40 40 40 40 40 40 40 40 40 
10 10 10 10 10 10 10 10 10 10 10 10 10 10 10 10 10 10 10 10 10 10 10 10 10 10 10 10 10 10 10 10 10 10 10 10 10 10 10 10 10 10 10 10 10 10 10 10 10 10 10 10 10 10 10 10 10 10 10 10 10 10 10 10 10 10 10 10 10 10 10 10 10 10 10 10 10 10 10 10 10 10 10 10 10 10 10 10 10 10 10 10 10 10 10 10 10 10 10 10 
80 80 80 80 80 80 80 80 80 80 80 80 80 80 80 80 80 80 80 80 80 80 80 80 80 80 80 80 80 80 80 80 80 80 80 80 80 80 80 80 80 80 80 80 80 80 80 80 80 80 80 80 80 80 80 80 80 80 80 80 80 80 80 80 80 80 80 80 80 80 80 80 80 80 80 80 80 80 80 80 80 80 80 80 80 80 80 80 80 80 80 80 80 80 80 80 80 80 80 80 
300 300 300 300 300 300 300 300 300 300 300 300 300 300 300 300 300 300 300 300 300 300 300 300 300 300 300 300 300 300 300 300 300 300 300 300 300 300 300 300 300 300 300 300 300 300 300 300 300 300 300 300 300 300 300 300 300 300 300 300 300 300 300 300 300 300 300 300 300 300 300 300 300 300 300 300 300 300 300 300 300 300 300 300 300 300 300 300 300 300 300 300 300 300 300 300 300 300 300 300 

ECS_id = 13,    Type = S,    SignalCoverageRadius(m) = 30,    DeploymentLocation(coord) = (90,90),    ResourceCapacity = [40,10,80,300],    SignalCoverageArea(coord) = 
(61,90), (62,90), (63,90), (64,90), (65,90), (66,90), (67,90), (68,90), (69,90), (70,90), (71,90), (72,90), (73,90), (74,90), (75,90), (76,90), (77,90), (78,90), (79,90), (80,90), (81,90), (82,90), (83,90), (84,90), (85,90), (86,90), (87,90), (88,90), (89,90), (90,61), (90,62), (90,63), (90,64), (90,65), (90,66), (90,67), (90,68), (90,69), (90,70), (90,71), (90,72), (90,73), (90,74), (90,75), (90,76), (90,77), (90,78), (90,79), (90,80), (90,81), (90,82), (90,83), (90,84), (90,85), (90,86), (90,87), (90,88), (90,89), (90,90), (90,91), (90,92), (90,93), (90,94), (90,95), (90,96), (90,97), (90,98), (90,99), (90,100), (90,101), (90,102), (90,103), (90,104), (90,105), (90,106), (90,107), (90,108), (90,109), (90,110), (90,111), (90,112), (90,113), (90,114), (90,115), (90,116), (90,117), (90,118), (90,119), (91,90), (92,90), (93,90), (94,90), (95,90), (96,90), (97,90), (98,90), (99,90), (100,90), (101,90), (102,90), (103,90), (104,90), (105,90), (106,90), (107,90), (108,90), (109,90), (110,90), (111,90), (112,90), (113,90), (114,90), (115,90), (116,90), (117,90), (118,90), (119,90), 
ResourceCapacityMatrix = 
40 40 40 40 40 40 40 40 40 40 40 40 40 40 40 40 40 40 40 40 40 40 40 40 40 40 40 40 40 40 40 40 40 40 40 40 40 40 40 40 40 40 40 40 40 40 40 40 40 40 40 40 40 40 40 40 40 40 40 40 40 40 40 40 40 40 40 40 40 40 40 40 40 40 40 40 40 40 40 40 40 40 40 40 40 40 40 40 40 40 40 40 40 40 40 40 40 40 40 40 
10 10 10 10 10 10 10 10 10 10 10 10 10 10 10 10 10 10 10 10 10 10 10 10 10 10 10 10 10 10 10 10 10 10 10 10 10 10 10 10 10 10 10 10 10 10 10 10 10 10 10 10 10 10 10 10 10 10 10 10 10 10 10 10 10 10 10 10 10 10 10 10 10 10 10 10 10 10 10 10 10 10 10 10 10 10 10 10 10 10 10 10 10 10 10 10 10 10 10 10 
80 80 80 80 80 80 80 80 80 80 80 80 80 80 80 80 80 80 80 80 80 80 80 80 80 80 80 80 80 80 80 80 80 80 80 80 80 80 80 80 80 80 80 80 80 80 80 80 80 80 80 80 80 80 80 80 80 80 80 80 80 80 80 80 80 80 80 80 80 80 80 80 80 80 80 80 80 80 80 80 80 80 80 80 80 80 80 80 80 80 80 80 80 80 80 80 80 80 80 80 
300 300 300 300 300 300 300 300 300 300 300 300 300 300 300 300 300 300 300 300 300 300 300 300 300 300 300 300 300 300 300 300 300 300 300 300 300 300 300 300 300 300 300 300 300 300 300 300 300 300 300 300 300 300 300 300 300 300 300 300 300 300 300 300 300 300 300 300 300 300 300 300 300 300 300 300 300 300 300 300 300 300 300 300 300 300 300 300 300 300 300 300 300 300 300 300 300 300 300 300 

ECS_id = 14,    Type = S,    SignalCoverageRadius(m) = 30,    DeploymentLocation(coord) = (90,120),    ResourceCapacity = [40,10,80,300],    SignalCoverageArea(coord) = 
(90,91), (90,92), (90,93), (90,94), (90,95), (90,96), (90,97), (90,98), (90,99), (90,100), (90,101), (90,102), (90,103), (90,104), (90,105), (90,106), (90,107), (90,108), (90,109), (90,110), (90,111), (90,112), (90,113), (90,114), (90,115), (90,116), (90,117), (90,118), (90,119), (90,120), 
ResourceCapacityMatrix = 
40 40 40 40 40 40 40 40 40 40 40 40 40 40 40 40 40 40 40 40 40 40 40 40 40 40 40 40 40 40 40 40 40 40 40 40 40 40 40 40 40 40 40 40 40 40 40 40 40 40 40 40 40 40 40 40 40 40 40 40 40 40 40 40 40 40 40 40 40 40 40 40 40 40 40 40 40 40 40 40 40 40 40 40 40 40 40 40 40 40 40 40 40 40 40 40 40 40 40 40 
10 10 10 10 10 10 10 10 10 10 10 10 10 10 10 10 10 10 10 10 10 10 10 10 10 10 10 10 10 10 10 10 10 10 10 10 10 10 10 10 10 10 10 10 10 10 10 10 10 10 10 10 10 10 10 10 10 10 10 10 10 10 10 10 10 10 10 10 10 10 10 10 10 10 10 10 10 10 10 10 10 10 10 10 10 10 10 10 10 10 10 10 10 10 10 10 10 10 10 10 
80 80 80 80 80 80 80 80 80 80 80 80 80 80 80 80 80 80 80 80 80 80 80 80 80 80 80 80 80 80 80 80 80 80 80 80 80 80 80 80 80 80 80 80 80 80 80 80 80 80 80 80 80 80 80 80 80 80 80 80 80 80 80 80 80 80 80 80 80 80 80 80 80 80 80 80 80 80 80 80 80 80 80 80 80 80 80 80 80 80 80 80 80 80 80 80 80 80 80 80 
300 300 300 300 300 300 300 300 300 300 300 300 300 300 300 300 300 300 300 300 300 300 300 300 300 300 300 300 300 300 300 300 300 300 300 300 300 300 300 300 300 300 300 300 300 300 300 300 300 300 300 300 300 300 300 300 300 300 300 300 300 300 300 300 300 300 300 300 300 300 300 300 300 300 300 300 300 300 300 300 300 300 300 300 300 300 300 300 300 300 300 300 300 300 300 300 300 300 300 300 

ECS_id = 15,    Type = S,    SignalCoverageRadius(m) = 30,    DeploymentLocation(coord) = (120,30),    ResourceCapacity = [40,10,80,300],    SignalCoverageArea(coord) = 
(91,30), (92,30), (93,30), (94,30), (95,30), (96,30), (97,30), (98,30), (99,30), (100,30), (101,30), (102,30), (103,30), (104,30), (105,30), (106,30), (107,30), (108,30), (109,30), (110,30), (111,30), (112,30), (113,30), (114,30), (115,30), (116,30), (117,30), (118,30), (119,30), (120,30), 
ResourceCapacityMatrix = 
40 40 40 40 40 40 40 40 40 40 40 40 40 40 40 40 40 40 40 40 40 40 40 40 40 40 40 40 40 40 40 40 40 40 40 40 40 40 40 40 40 40 40 40 40 40 40 40 40 40 40 40 40 40 40 40 40 40 40 40 40 40 40 40 40 40 40 40 40 40 40 40 40 40 40 40 40 40 40 40 40 40 40 40 40 40 40 40 40 40 40 40 40 40 40 40 40 40 40 40 
10 10 10 10 10 10 10 10 10 10 10 10 10 10 10 10 10 10 10 10 10 10 10 10 10 10 10 10 10 10 10 10 10 10 10 10 10 10 10 10 10 10 10 10 10 10 10 10 10 10 10 10 10 10 10 10 10 10 10 10 10 10 10 10 10 10 10 10 10 10 10 10 10 10 10 10 10 10 10 10 10 10 10 10 10 10 10 10 10 10 10 10 10 10 10 10 10 10 10 10 
80 80 80 80 80 80 80 80 80 80 80 80 80 80 80 80 80 80 80 80 80 80 80 80 80 80 80 80 80 80 80 80 80 80 80 80 80 80 80 80 80 80 80 80 80 80 80 80 80 80 80 80 80 80 80 80 80 80 80 80 80 80 80 80 80 80 80 80 80 80 80 80 80 80 80 80 80 80 80 80 80 80 80 80 80 80 80 80 80 80 80 80 80 80 80 80 80 80 80 80 
300 300 300 300 300 300 300 300 300 300 300 300 300 300 300 300 300 300 300 300 300 300 300 300 300 300 300 300 300 300 300 300 300 300 300 300 300 300 300 300 300 300 300 300 300 300 300 300 300 300 300 300 300 300 300 300 300 300 300 300 300 300 300 300 300 300 300 300 300 300 300 300 300 300 300 300 300 300 300 300 300 300 300 300 300 300 300 300 300 300 300 300 300 300 300 300 300 300 300 300 

ECS_id = 16,    Type = S,    SignalCoverageRadius(m) = 30,    DeploymentLocation(coord) = (120,90),    ResourceCapacity = [40,10,80,300],    SignalCoverageArea(coord) = 
(91,90), (92,90), (93,90), (94,90), (95,90), (96,90), (97,90), (98,90), (99,90), (100,90), (101,90), (102,90), (103,90), (104,90), (105,90), (106,90), (107,90), (108,90), (109,90), (110,90), (111,90), (112,90), (113,90), (114,90), (115,90), (116,90), (117,90), (118,90), (119,90), (120,90), 
ResourceCapacityMatrix = 
40 40 40 40 40 40 40 40 40 40 40 40 40 40 40 40 40 40 40 40 40 40 40 40 40 40 40 40 40 40 40 40 40 40 40 40 40 40 40 40 40 40 40 40 40 40 40 40 40 40 40 40 40 40 40 40 40 40 40 40 40 40 40 40 40 40 40 40 40 40 40 40 40 40 40 40 40 40 40 40 40 40 40 40 40 40 40 40 40 40 40 40 40 40 40 40 40 40 40 40 
10 10 10 10 10 10 10 10 10 10 10 10 10 10 10 10 10 10 10 10 10 10 10 10 10 10 10 10 10 10 10 10 10 10 10 10 10 10 10 10 10 10 10 10 10 10 10 10 10 10 10 10 10 10 10 10 10 10 10 10 10 10 10 10 10 10 10 10 10 10 10 10 10 10 10 10 10 10 10 10 10 10 10 10 10 10 10 10 10 10 10 10 10 10 10 10 10 10 10 10 
80 80 80 80 80 80 80 80 80 80 80 80 80 80 80 80 80 80 80 80 80 80 80 80 80 80 80 80 80 80 80 80 80 80 80 80 80 80 80 80 80 80 80 80 80 80 80 80 80 80 80 80 80 80 80 80 80 80 80 80 80 80 80 80 80 80 80 80 80 80 80 80 80 80 80 80 80 80 80 80 80 80 80 80 80 80 80 80 80 80 80 80 80 80 80 80 80 80 80 80 
300 300 300 300 300 300 300 300 300 300 300 300 300 300 300 300 300 300 300 300 300 300 300 300 300 300 300 300 300 300 300 300 300 300 300 300 300 300 300 300 300 300 300 300 300 300 300 300 300 300 300 300 300 300 300 300 300 300 300 300 300 300 300 300 300 300 300 300 300 300 300 300 300 300 300 300 300 300 300 300 300 300 300 300 300 300 300 300 300 300 300 300 300 300 300 300 300 300 300 300 

